### Ensemble Type: soft ###
Accuracy: 0.7971246006389777
F1Score: 0.5732694266855757
ROC_AUC: 0.8393519975222764

PIPELINE RESULTS
### Ensemble Type: soft ###
### Ensemble Type: soft ###
Accuracy: 0.7992545260915868
F1Score: 0.5785700137036272
ROC_AUC: 0.8402052364329332
