### Ensemble Type: soft ###
Accuracy: 0.7971246006389777
F1Score: 0.5732694266855757
ROC_AUC: 0.8393519975222764

PIPELINE RESULTS
### Ensemble Type: soft ###
Accuracy: 0.7994320198793042
F1Score: 0.5803369193878866
ROC_AUC: 0.8397715240897415
